13735416.78
7866769.63
5546.99
661026.98
87.75
1087071.62
5103.61
26580.51
3782240.51
4697.4
14682.26
967.93
3897.9
88.73
71.86
6092431.19
20571.16
5454108.69
937230.28
380.69
915076.21
6550.56
1257893.47
34740.28
164.99
9557362.65
15646.73
1037878.13
20083871.68
417.45
10093056169.85
1290151.86
1971117.72
4550964.12
3634.74
4852174.42
3650140.6
1966926.64
19847.77
988.8
5781338.06
2433182.35
4027327.48
21032.49
811.55
595484.28
3716725.61
7439918.26
13180.26
366.12
44972.61
7624.85
8504390.01
34646567757.36
634.52
1381613.72
1893715.8
1403505.44
30986.05
828.36
1105746.75
2477873852.81
14883.4
11679.05
815.67
34072.44
10890.01
13927.7
23765.28
348.6
1460178.06
9584440.93
5377.95
2693710.28
853.3
1067025.77
2105823.5
13409271.33
23757.78
3589.91
8280.47
6275.42
23307.36
3127723.52
988.19
31249.81
1798998.37
12346.02
13473.67
357.65
2047246.19
10086.67
23243.38
3562751.45
334.71
24194.29
1868902190.73
2726516.83
19799.69
3691.08
2574387.87
10388.61
1149811.84
25587811.24
2510.82
22462.76
10911.9
2634184.48
4884.3
415.24
1238243.01
12140024.23
846190.04
23154.65
435.11
11776965.41
25585.69
3991388.97
1497282.72
384.36
24314.94
10728.1
2910.17
9503258.98
311.6
29947.33
18196.35
23892.97
1222341108.62
829.86
27802.24
1648704.8
3388.33
21846.42
236.5
5669909.81
9127298.48
1802410.68
11503.1
502.28
13732.8
2350845.92
15748.25
7262318.93
724.45
9616506.69
4000251.56
6643338.39
16491.73
1412.56
2173289.13
6613363.97
1383360.29
1851141.42
458.51
13033.28
2814638.62
1144590.73
1252286.2
755.47
4905856.86
1322174.31
22225.12
2925976.56
364.11
24281.39
1883542.45
1521135.81
12539391.38
787.07
15129923.03
1795325.18
14201.5
15388384.5
3563.96
7170.12
4816059.51
29096.47
12829.01
366.66
18575.42
10502786.42
1097929.31
1480417.65
890.64
25184680.17
358.87
16899.13
817613.41
320.45
17391.86
1705143.65
739325.86
43054.15
170.15
2044811.57
3327770.57
2832441133.47
3290883769.47
730.79
2722851.28
9010342.88
502912.11
29953.52
674.8
4294496.62
1737051.46
4376.68
21593.28
512.75
6866050.98
2332552.33
985197.88
14543.35
417.15
14991.0
17906.95
3709488.83
356441.04
167.4
4636251403.03
20715.75
8246932.88
1005102.79
413.53
13633.81
18287.43
6096873.11
899981.02
953.98
11791.63
16277.97
17899.9
1060290.29
460.02
2158777.81
1148493.75
10943890.68
5683.41
238.4
3094044.8
4202820.73
23215.28
4424773.3
689.97
12897.55
3564089.79
8548085.25
7128.8
1477.07
35667.16
25760.85
1177045.21
2190321.7
259.98
2704350.0
15535.72
10655.97
20113.92
264.3
12866.61
26069.86
6249.64
2981917.67
245.77
8248301028.56
15418.84
11302.14
12931.92
319.66
29630.22
41037.13
1480781.06
2429542.48
499.02
1792635.6
26606.61
5868.86
12900.61
374.62
2726679.7
13485.02
19730.28
10961.06
353.69
5945814.03
7581.36
1534967.78
2574459.79
244.1
12053147.88
26708.69
10939.39
1350410.73
578.28
689382.34
9686111.47
8422926.5
24283.68
743.46
16912.69
3900321.3
5231.54
6297.43
418.67
1214431.43
1182904.69
10161.55
3481680892.65
4148.97
1970109.43
16781.28
868805.76
1515836.47
1154.99
2124935.06
8695.4
12467422.91
48933.11
382.47
2757128.47
8282.74
6100.9
818171.71
272.68
8358.37
1719398.28
2024583.7
9747929.28
650.3
41211.87
2268767.11
9003199.15
737854.55
564.78
2090783.86
12087360.16
17630374.48
9448.76
513.06
13978.67
13205.09
1324564.02
1853.29
382.3
2110360.24
1179573.94
1143556.44
15374.35
282.08
1949959.34
1212408.07
21527.35
43299.15
481.97
820624.25
39290.73
1340381.84
1458967.05
413.8
5400253.7
2740.46
8603779.11
1005808.46
299.81
4879542.46
3005798.67
1689356067.55
10466.02
903.84
21159845.69
13710.4
16316.15
7115897001.02
884.49
14151.48
6711.84
1761.89
2265.49
682.53
1727969.99
11759.15
16111.75
32790.41
260.59
17059.74
23683161.09
6387708.38
4736589.89
584.33
5932501.44
16191.72
1138184.87
18338.75
247.69
2939403.36
2725.63
7010.13
16897.91
261.57
3082142.69
1610511.53
16473.19
10395.19
491.12
17233.89
3270891.73
2765749.08
2374.4
749.99
2895114.82
14446.33
1835512.09
21158.87
625.11
9772910.56
9560.82
18891314.39
18045.74
744.16
24565.97
10965.31
789132.77
10666.58
271.93
6525392.34
16387.55
6171.15
37615537.12
5521.2
1401926.07
1585849.86
26082.33
8186.52
680.56
4553104.47
7040.84
5861133.05
6461.71
427.85
10284.8
1300455.33
565094.8
3008111.63
281.27
33971.21
12828997.49
29489.65
6570.2
181.69
12588.67
1321.63
2348375.75
10890.19
183.62
24984.24
3922878.09
20636563.66
948120.87
445.81
18144187.75
10994997.17
574163.83
3529951.21
354.95
2191512.65
35634.61
3916.61
8273.96
225.59
1141139.35
2623611.4
12202850.47
4909.49
365.34
862184.34
2914722.78
12739.05
796211.0
514.6
2943971.02
9409.73
26044.45
1507004.21
227.22
21320982.18
1679214.72
823301.82
9891.58
909.05
8040469.11
8267004.88
3170904.06
572788.2
1173.72
9792.27
3958017.1
33759.27
1258200.47
504.12
2126634401.09
15116802.77
12573.96
30120.69
1403.18
2276337.01
34783.62
27057.94
625004.63
416.93
2282055.87
301268.58
5892418.73
20763.03
1264.55
16171.84
13046.07
1181663.56
20514.68
346.03
6924147.59
32102.29
1284134.36
9511.59
806.16
6275042.94
8199693.74
15890.76
1269558.1
505.79
36446.94
3382200.98
21586.39
9035.73
125.29
5186725.41
5085526100.04
13655.59
32931.37
3417.85
902429.27
7896.41
5573877.01
2000873.19
975.1
3623153.48
8609831.54
4656.01
7099.97
195.39
649239.66
16898.5
15098.32
687213.48
397.66
5623801.8
2934658.98
2755863.04
4946.08
432.89
2109986.84
2456468.97
7749251.21
13742.79
480.0
1078945.44
1593734.54
29374.15
23744.32
208.8
26934.5
3883266782.72
30973.33
23835.85
1509.28
1183085.62
14783345.07
8149725.51
3830135.53
1501.06
45533338148.93
7384.8
11194029.42
7109855.38
933.28
8774.57
2471584366.36
16981.94
19613.4
312.04
2685542.79
9134.52
14642.84
19677.89
337.61
3044326.87
29652689.02
10067.14
12916250.51
2535.82
5589342.74
3685.11
2907848.66
2942023.37
306.21
1501041.68
29105.94
1665024.82
32727.26
440.36
36486.5
3308678.02
1159442.65
23747.84
1713.6
30680.56
12897139.37
486865.26
10827.87
1512.52
33172.35
34539.45
776233.85
7667.71
361.49
14764.02
2914.33
24588.78
20671.27
982.01
927149.55
2354746.07
20518.91
1351239.81
450.62
1373091.67
7810.2
19115.16
17119.13
238.36
26245.27
24267.24
24290.05
3973334.94
341.8
1711260.23
28609.14
24491.1
18050.92
369.69
13761.98
979040.25
14908.37
2687562.08
380.04
26323.78
5871.41
13880.31
599094.66
608.68
7499956.17
24627.43
4637785.39
7277656.82
1394.92
3270877.25
3961906.41
6111899.87
2539039.64
216.78
921998.7
43839.33
17749.55
1423449.3
752.0
34753.49
13509.48
2981441.31
5392020.37
972.85
21992127.42
2016195221.61
12134.92
19882.23
540.88
6717467.01
20896.22
20308.5
9637.77
284.4
17475.97
19054.94
8456.77
819843.43
250.32
19608.37
6794.87
923270.23
23503.53
451.76
1437091.84
6196368.86
16449.17
28175.47
586.19
7876.06
9129.38
15599.31
3545422.66
271.39
1417284.35
43997.61
1595108.12
5421.11
382.33
3500728.64
3137230.38
10222.63
2541153.7
539.45
9196415.8
2032940.83
1695180921.0
8596202.51
2823.39
40008.43
2007741.24
7829850.01
1792519.22
1956.15
3090009.0
44441.77
16364.38
9401.61
365.35
16991509575.59
6746.86
10860983.18
18470.37
530.36
15902.78
27482.54
8815.0
19428.39
764.86
30074.87
9286193.56
1164976.29
8510529.89
1297.21
4949114.36
1999850.07
6826469.8
1344.31
369.93
19432.49
6346.16
682387.19
1387832.53
345.02
3242577.0
25942.61
4620808663.23
1933952.67
599.65
4411643.21
11645.76
4102018.15
11240.58
580.3
16219307.19
24908.85
454225.25
1290567.24
395.12
3149956.14
1464212.43
551376.75
6164994.95
238.68
3501.12
30885.01
4016057.28
19282.04
274.95
8201705.19
925795.45
27490.18
31760.7
1026.11
13480.92
3359314.06
5154249.62
6928.91
1000.54
5676.91
39099.54
19983.06
13701022.18
1537.43
8739149.96
3681002.93
9031916.04
1249.7
1133.66
8879189.95
21002.49
12767.44
1420455.09
435.05
2064729.24
54571.58
1067127.52
1120239.01
431.38
1687978672.86
32498.77
13400.1
5617148.43
418.78
12463836.73
17330.57
1366849.36
18915.04
2229.58
6337869.36
21675446.17
987584.4
938297.57
1129.18
15198.46
6091.35
11809.29
2328324.69
280.18
4410143811.23
5908.31
5230017.05
24060.87
1120.76
30389.29
10908.38
26734124.74
9541888.83
460.24
23987500.93
995624.25
22765.76
1599847.65
1328.0
2946349.86
3381944.75
16623.99
28129.92
390.96
8938077.4
12635.51
1014390.04
8842.45
524.32
13352.98
27576.74
3441489.95
3577.18
855.11
25845.16
14685.19
20004.04
20198.52
253.31
2544421.88
20493.4
19947.03
13846.72
415.55
1980687727.11
4232435.44
835596.84
18266.04
226.05
11606.94
21449.23
26029.06
8498.03
404.06
22926.75
5237357.05
1032184.09
1877254.08
505.6
28333.99
12332.08
8370.13
1829852.65
4172.71
2908271.31
18293.62
4450.97
23232.29
295.0
14962.41
635605.21
2165464.63
726510.36
330.71
6173970.35
12774.14
16432.4
9627.06
427.01
5881.99
1559540.94
10644948.19
20261.35
392.92
3999075.78
7169331.95
3373495.69
17570.83
1926.22
1000181.75
15828.67
5899742.12
17218.14
288.15
856582.79
25836.96
5840504.68
71083.05
453.7
17299.44
12150.06
5883.45
31147.08
250.05
8604130.17
48294.58
21590.35
39151.28
373.93
31835.59
21884.49
1069913.03
16393.19
519.11
13348.44
23214.86
14069.38
17666.05
745.64
16019.48
11037.65
1057621.3
11687.03
285.85
2800034.49
21901.79
5267822.67
7682.04
1259.58
14319688.24
769293.34
11530.59
7145548.75
350.82
1653306.87
810446.44
1559583.14
964973.14
423.77
10345763.28
4411409.02
15519.86
13080.66
325.65
862826.65
1618580.03
1077221.62
22261.13
309.66
12003.46
9422.71
5074.9
868978.01
266.15
16469546.2
6168.49
8500.53
9376.1
594.24
22376.12
6437.18
17810.6
1565468.99
401.46
2107418719.14
7527520134.27
1585113.91
724624.24
12575.93
