4453769.63
981138.73
3941.74
2500944.4
442885.1
6139035.33
2020174407.66
2098015.65
2452738.39
2353134.91
6931025075.87
942129.87
495801395.53
16600.81
2748912.11
3321893.66
633314.99
371285.1
1128732.48
374335278.53
5864982.08
534571.74
2849609.41
3458321.43
1908304.76
244482795.03
340395.66
3322324.87
1928674.07
4055600.19
2404322.67
1045060.86
1835319.39
3193827.62
6466279.63
973104.35
2620119.89
5203974.4
501017.13
1225739643.18
2453346.92
1211606.16
2039752.34
819799.04
929104913.6
1405945.87
221343.96
2851416.81
2349108.82
2426735.69
685810.98
550183.98
605469.91
1649668200.22
796297.98
367677.26
554241.95
2012613.41
2688357.0
3764689.49
785836.33
696818507.86
874537.59
2930073.79
717991.3
2700183.99
2410319.49
6363696.06
270796.67
889829.41
645535.17
731935.53
3002576.31
339450555.71
1427417551.55
5114.65
357778.38
6965020.69
1421092.9
593259.72
944002.75
1211399.82
953371.44
5738515.13
167120.51
8833801.87
604545.07
2085633.58
976845.57
2579842.05
474671.97
5106598.53
6648730.98
447912.69
3194575.21
917274.35
897331.33
4766859.87
4010467.99
1052054.65
428359060.34
592720.03
1699554.15
246348.44
1650140.4
3152138.27
689879.07
1018152566.05
1697210.2
2448987.28
273769.53
2263940.56
2465985.96
545201.45
776670007.14
5589558.56
9110330070.36
494326009.66
545867.13
9125173.87
2288641.22
645668.01
906013.72
2685405.12
170394.97
12784.08
930820.99
283474.9
809695.86
356556.22
739130.54
129155.77
3888284.15
3176787.99
481557.78
1684539.5
407643981.41
1353718.78
173016.29
194725.75
1535734.31
715659.76
612438.71
1837974.96
343001860.7
2334415.01
632116.42
3400479261.27
14478.71
3798614.36
2755429.7
419268.68
925202347.03
1707425.6
3597880.73
2266155.79
814000.08
1837555.53
1706994.81
2753463.82
4290890.46
2066770.01
861419.74
338728427.79
2773832.26
5988065.34
472340.79
883080983.64
7263554.3
5321413.32
1274687.9
1994893.95
697370.39
16197.25
519824.91
397154850.29
13597.46
1634045.52
376612.31
590908.64
708574.67
1242646.19
2446205.08
2912280.09
1386651.77
1358892.24
13346.02
1742708.06
228109.08
13808.88
219330.26
1619740.12
4449282.35
997746.67
2957219.69
716239.82
179149.05
3298837.11
322498.87
1927452233.5
